221231002
230416002
221122017
230305005
230311005
230416005
230127007
230416007
230201008
230115009
221105010
230415010
230331013
230415013
230411018
221121025
230416025
221227021
230110021
230317021
230222022
230131026
230307026
240202001
231107002
231219002
240221017
240310017
231209005
240218005
240110004
240226006
240317006
231128007
231222007
240327008
240123012
240321012
240324013
240326013
231209014
240105014
240407015
231220016
240328019
240211020
231120021
231101022
231108022
231125022
240224023
231226024
231031028
231106028
240105026
240211026
240310026
241208001
250215001
250105002
250128002
250302002
250213005
250107004
250318004
250121007
241118010
241215010
250311011
241130014
250226014
250128016
250107019
250210019
250213019
241212022
250101022
250402022
241124024
250326026
241110027
260123001
260130001
260325001
260405001
260120002
260120030
260411004
260324007
251208011
260102018
260119018
260120020
260130026
260120027
260204027
270328012
270309014
270413014
270106003
261211019
261117021
261204026
271230018
280111018
280318023
271228024
280208028
280223027
290102006
290410006
290109007
281108015
281230023
281118027
230108001
221111029
230305029
230402003
221222023
230314023
230416023
230222024
231219010
231209011
231216029
240227025
241201012
250125018
260329005
270107016
270110016
261226024
271228017
271109010
281121011
281213020
281217020
