221030002
221107002
221111002
221113002
221115002
221120002
221122002
221127002
221129002
221201002
221206002
221209002
221211002
221213002
221218002
221220002
221231002
230103002
230106002
230115002
230117002
230122002
230124002
230126002
230131002
230205002
230224002
230226002
230228002
230305002
230307002
230309002
230312002
230318002
230326002
230328002
230402002
230404002
230406002
230410002
230416002
221030017
221101017
221104017
221108017
221113017
221116017
221118017
221122017
221203017
221207017
221209017
221211017
221213017
221219017
221221017
221223017
221225017
221227017
221230017
230109017
230117017
230129017
230131017
230203017
230214017
230216017
230218017
230220017
230223017
230226017
230302017
230313017
230316017
230319017
230322017
230326017
230329017
230331017
230404017
230412017
230414017
221105005
221109005
221113005
221116005
221123005
221126005
221129005
221204005
221209005
221211005
221214005
221216005
221218005
221221005
221223005
221227005
221229005
230106005
230121005
230125005
230127005
230202005
230205005
230212005
230216005
230218005
230221005
230225005
230302005
230305005
230308005
230311005
230316005
230323005
230325005
230329005
230402005
230405005
230408005
230412005
230416005
221101004
221106004
221108004
221109004
221116004
221203004
221207004
221210004
221212004
221214004
221216004
221218004
221221004
221227004
221228004
221231004
230102004
230104004
230106004
230113004
230124004
230126004
230211004
230215004
230219004
230224004
230226004
230228004
230303004
230306004
230308004
230311004
230318004
230322004
230326004
230329004
230401004
230405004
230408004
230411004
230415004
221102006
221104006
221109006
221111006
221119006
221121006
221123006
221130006
221202006
221210006
221214006
221217006
221220006
221223006
221228006
221230006
230102006
230104006
230106006
230110006
230121006
230126006
230130006
230201006
230204006
230215006
230218006
230220006
230227006
230301006
230304006
230308006
230310006
230318006
230320006
230322006
230401006
230403006
230405006
230412006
230414006
221101007
221105007
221107007
221109007
221113007
221120007
221122007
221126007
221129007
221204007
221207007
221209007
221218007
221220007
221228007
221230007
230104007
230108007
230110007
230115007
230117007
230127007
230202007
230204007
230206007
230212007
230219007
230224007
230226007
230228007
230302007
230311007
230316007
230322007
230324007
230326007
230330007
230402007
230408007
230412007
230416007
221030008
221101008
221112008
221115008
221116008
221120008
221127008
221129008
221204008
221211008
221214008
221215008
221220008
221228008
221230008
230106008
230111008
230117008
230120008
230122008
230128008
230201008
230205008
230213008
230217008
230222008
230304008
230309008
230312008
230314008
230315008
230320008
230323008
230326008
230328008
230330008
230402008
230404008
230406008
230409008
230414008
221030009
221101009
221113009
221116009
221118009
221120009
221122009
221127009
221130009
221203009
221205009
221207009
221210009
221218009
221220009
221227009
221230009
230106009
230113009
230115009
230117009
230120009
230123009
230125009
230203009
230205009
230218009
230221009
230223009
230301009
230304009
230311009
230314009
230319009
230321009
230323009
230404009
230406009
230408009
230414009
230416009
221102010
221105010
221109010
221112010
221119010
221122010
221203010
221207010
221210010
221214010
221218010
221220010
221223010
221227010
221229010
221231010
230104010
230107010
230111010
230113010
230115010
230117010
230124010
230129010
230131010
230202010
230211010
230214010
230221010
230222010
230302010
230308010
230312010
230314010
230316010
230326010
230329010
230406010
230408010
230412010
230415010
221030011
221102011
221108011
221109011
221112011
221115011
221122011
221123011
221128011
221129011
221213011
221215011
221220011
221223011
221228011
230108011
230111011
230115011
230118011
230122011
230124011
230126011
230129011
230201011
230204011
230211011
230214011
230225011
230228011
230311011
230314011
230317011
230319011
230321011
230326011
230328011
230330011
230401011
230406011
230411011
230416011
221030012
221101012
221103012
221114012
221117012
221120012
221124012
221126012
221128012
221201012
221204012
221207012
221216012
221218012
221220012
221221012
221228012
221231012
230105012
230108012
230112012
230115012
230118012
230129012
230131012
230212012
230215012
230219012
230222012
230226012
230301012
230303012
230316012
230317012
230319012
230324012
230326012
230330012
230401012
230405012
230416012
221029013
221103013
221112013
221115013
221117013
221122013
221124013
221201013
221203013
221206013
221208013
221213013
221215013
221225013
221229013
230105013
230107013
230110013
230112013
230120013
230122013
230124013
230201013
230211013
230214013
230216013
230218013
230221013
230223013
230225013
230227013
230305013
230307013
230309013
230321013
230328013
230331013
230406013
230408013
230410013
230415013
221030014
221103014
221105014
221109014
221112014
221115014
221122014
221126014
221130014
221210014
221213014
221214014
221216014
221227014
221230014
230103014
230114014
230118014
230122014
230125014
230127014
230129014
230201014
230203014
230205014
230211014
230222014
230302014
230304014
230307014
230308014
230310014
230314014
230318014
230321014
230323014
230328014
230331014
230408014
230411014
230413014
221030016
221101016
221105016
221107016
221109016
221116016
221119016
221123016
221127016
221212016
221214016
221217016
221221016
221230016
230104016
230108016
230110016
230113016
230120016
230122016
230124016
230127016
230202016
230204016
230211016
230214016
230216016
230221016
230223016
230226016
230228016
230302016
230312016
230314016
230316016
230318016
230325016
230330016
230402016
230411016
230413016
221102018
221104018
221106018
221110018
221112018
221116018
221118018
221124018
221130018
221202018
221204018
221210018
221214018
221217018
221222018
221230018
230101018
230103018
230105018
230111018
230114018
230120018
230122018
230124018
230126018
230128018
230204018
230206018
230212018
230225018
230228018
230304018
230309018
230311018
230316018
230321018
230324018
230328018
230408018
230411018
230415018
221030025
221103025
221115025
221119025
221121025
221129025
221201025
221204025
221207025
221218025
221220025
221226025
230103025
230108025
230110025
230112025
230117025
230119025
230128025
230130025
230201025
230211025
230219025
230221025
230224025
230226025
230228025
230304025
230307025
230311025
230313025
230315025
230318025
230321025
230326025
230328025
230330025
230404025
230406025
230409025
230416025
221029019
221105019
221108019
221110019
221112019
221124019
221127019
221130019
221202019
221206019
221213019
221223019
221225019
221228019
221230019
230104019
230106019
230108019
230110019
230113019
230122019
230124019
230129019
230131019
230204019
230211019
230218019
230221019
230225019
230305019
230307019
230309019
230312019
230315019
230319019
230321019
230324019
230327019
230331019
230409019
230412019
221101021
221104021
221106021
221108021
221115021
221123021
221125021
221127021
221129021
221202021
221204021
221206021
221216021
221221021
221223021
221227021
230102021
230104021
230110021
230112021
230117021
230129021
230201021
230203021
230211021
230214021
230216021
230219021
230301021
230305021
230309021
230313021
230317021
230319021
230321021
230324021
230401021
230405021
230409021
230411021
230413021
221030022
221102022
221106022
221115022
221120022
221123022
221126022
221130022
221204022
221206022
221217022
221221022
221227022
230107022
230109022
230113022
230115022
230118022
230128022
230131022
230211022
230213022
230215022
230217022
230219022
230222022
230225022
230228022
230302022
230306022
230308022
230312022
230319022
230322022
230325022
230328022
230401022
230403022
230406022
230413022
230415022
221102026
221106026
221108026
221119026
221123026
221129026
221202026
221204026
221206026
221212026
221214026
221218026
221228026
221230026
230108026
230110026
230116026
230118026
230120026
230122026
230124026
230129026
230131026
230203026
230205026
230212026
230214026
230217026
230219026
230222026
230305026
230307026
230318026
230322026
230324026
230326026
230328026
230404026
230409026
230411026
230414026
221031027
221102027
221106027
221108027
221112027
221114027
221116027
221126027
221130027
221203027
221207027
221210027
221218027
221226027
221228027
221231027
230104027
230108027
230110027
230114027
230116027
230118027
230120027
230125027
230127027
230201027
230204027
230221027
230223027
230227027
230301027
230304027
230305027
230307027
230311027
230315027
230318027
230402027
230409027
230412027
230414027
231101001
231103001
231115001
231117001
231122001
231124001
231126001
231128001
231202001
231209001
231213001
231217001
231219001
231223001
231227001
240113001
240117001
240119001
240121001
240123001
240127001
240129001
240131001
240202001
240204001
240207001
240209001
240224001
240228001
240302001
240308001
240312001
240316001
240320001
240325001
240327001
240329001
240331001
240406001
240410001
240412001
231029002
231107002
231109002
231112002
231114002
231119002
231124002
231128002
231201002
231205002
231210002
231212002
231215002
231217002
231219002
231221002
231231002
240102002
240105002
240107002
240109002
240114002
240118002
240123002
240128002
240130002
240204002
240206002
240225002
240227002
240301002
240305002
240310002
240312002
240317002
240326002
240328002
240331002
240402002
240412002
240414002
231031017
231104017
231106017
231112017
231114017
231118017
231122017
231203017
231205017
231206017
231209017
231217017
231219017
231223017
231229017
231231017
240102017
240106017
240114017
240117017
240125017
240204017
240206017
240208017
240210017
240218017
240221017
240224017
240228017
240229017
240310017
240312017
240316017
240318017
240321017
240329017
240402017
240404017
240406017
240408017
240411017
231105005
231108005
231110005
231115005
231118005
231121005
231129005
231206005
231209005
231211005
231213005
231217005
231223005
231226005
231228005
231230005
240106005
240120005
240122005
240124005
240126005
240128005
240204005
240207005
240209005
240211005
240218005
240220005
240223005
240303005
240306005
240314005
240316005
240319005
240321005
240323005
240327005
240403005
240406005
240410005
240412005
231029004
231031004
231103004
231107004
231110004
231113004
231115004
231201004
231206004
231208004
231213004
231216004
231220004
231222004
231227004
231229004
240103004
240105004
240109004
240110004
240113004
240117004
240123004
240125004
240210004
240212004
240217004
240220004
240221004
240225004
240228004
240301004
240309004
240313004
240320004
240323004
240326004
240402004
240403004
240409004
240412004
231101006
231103006
231111006
231113006
231117006
231120006
231122006
231125006
231129006
231202006
231204006
231206006
231215006
231220006
231227006
231230006
240103006
240107006
240109006
240114006
240120006
240122006
240125006
240131006
240203006
240207006
240210006
240221006
240224006
240226006
240228006
240302006
240308006
240317006
240319006
240330006
240401006
240403006
240406006
240408006
240413006
231029007
231101007
231107007
231114007
231119007
231121007
231125007
231128007
231202007
231205007
231207007
231216007
231220007
231222007
231226007
231228007
231230007
240103007
240105007
240107007
240109007
240116007
240118007
240121007
240126007
240128007
240202007
240209007
240217007
240225007
240229007
240302007
240306007
240307007
240314007
240322007
240324007
240330007
240402007
240410007
240412007
231029008
231105008
231107008
231109008
231118008
231121008
231123008
231128008
231203008
231209008
231212008
231217008
231221008
231226008
231229008
231231008
240102008
240103008
240107008
240111008
240114008
240116008
240119008
240125008
240131008
240203008
240211008
240218008
240220008
240222008
240227008
240310008
240314008
240319008
240327008
240331008
240402008
240404008
240406008
240409008
240412008
231029009
231101009
231105009
231107009
231110009
231112009
231114009
231121009
231123009
231129009
231203009
231206009
231212009
231223009
231226009
231229009
240110009
240112009
240115009
240119009
240128009
240130009
240206009
240208009
240211009
240218009
240220009
240221009
240302009
240305009
240307009
240315009
240317009
240319009
240324009
240326009
240328009
240406009
240409009
240411009
240414009
231031012
231111012
231115012
231124012
231127012
231129012
231201012
231203012
231207012
231210012
231213012
231215012
231217012
231226012
231228012
231229012
231231012
240103012
240104012
240111012
240113012
240116012
240119012
240121012
240123012
240127012
240219012
240227012
240229012
240303012
240306012
240307012
240314012
240317012
240321012
240325012
240327012
240404012
240407012
240411012
240414012
231028013
231102013
231112013
231114013
231116013
231121013
231123013
231126013
231128013
231130013
231207013
231209013
231212013
231219013
231221013
231225013
231228013
240109013
240112013
240114013
240117013
240119013
240128013
240130013
240217013
240220013
240226013
240305013
240307013
240315013
240319013
240321013
240324013
240326013
240328013
240330013
240401013
240404013
240406013
240409013
240413013
231031014
231108014
231112014
231114014
231125014
231129014
231205014
231206014
231209014
231212014
231216014
231221014
231223014
231227014
240102014
240105014
240107014
240120014
240123014
240126014
240130014
240202014
240207014
240210014
240217014
240220014
240221014
240223014
240302014
240304014
240306014
240309014
240312014
240314014
240316014
240320014
240326014
240329014
240407014
240409014
240414014
231101015
231104015
231108015
231112015
231115015
231118015
231125015
231129015
231206015
231210015
231212015
231220015
231223015
231226015
240102015
240107015
240109015
240113015
240115015
240117015
240121015
240123015
240126015
240130015
240207015
240210015
240217015
240221015
240224015
240227015
240229015
240310015
240312015
240314015
240316015
240328015
240330015
240402015
240407015
240410015
240414015
231029016
231101016
231105016
231111016
231114016
231118016
231122016
231126016
231209016
231216016
231218016
231220016
231230016
240102016
240106016
240108016
240110016
240119016
240123016
240125016
240201016
240203016
240206016
240208016
240210016
240217016
240219016
240222016
240225016
240227016
240303016
240305016
240307016
240312016
240314016
240321016
240323016
240331016
240402016
240404016
240412016
231030019
231101019
231103019
231105019
231107019
231112019
231124019
231126019
231128019
231202019
231205019
231208019
231212019
231219019
231225019
231229019
240109019
240112019
240116019
240119019
240125019
240129019
240131019
240208019
240211019
240218019
240220019
240224019
240227019
240303019
240305019
240307019
240310019
240313019
240324019
240326019
240328019
240331019
240402019
240410019
240414019
231028020
231105020
231109020
231114020
231117020
231121020
231126020
231129020
231202020
231204020
231212020
231214020
231217020
231219020
231222020
240105020
240107020
240109020
240117020
240119020
240123020
240127020
240130020
240203020
240205020
240207020
240211020
240223020
240229020
240304020
240306020
240308020
240312020
240322020
240324020
240326020
240330020
240401020
240403020
240409020
240412020
231030021
231101021
231107021
231112021
231115021
231118021
231120021
231122021
231126021
231128021
231201021
231203021
231211021
231216021
231220021
231226021
231228021
240109021
240113021
240116021
240118021
240123021
240202021
240204021
240206021
240207021
240210021
240222021
240225021
240303021
240306021
240312021
240313021
240316021
240319021
240320021
240329021
240407021
240409021
240411021
240413021
231101022
231103022
231105022
231108022
231111022
231113022
231119022
231121022
231125022
231128022
231203022
231205022
231213022
231216022
231218022
231220022
231223022
231226022
240102022
240115022
240117022
240124022
240131022
240208022
240210022
240212022
240218022
240221022
240303022
240304022
240306022
240310022
240312022
240320022
240322022
240324022
240327022
240403022
240407022
240412022
240414022
231029023
231031023
231111023
231114023
231116023
231121023
231123023
231125023
231128023
231130023
231205023
231207023
231209023
231214023
231221023
231223023
231225023
231228023
240104023
240106023
240111023
240113023
240116023
240120023
240203023
240206023
240208023
240217023
240224023
240227023
240229023
240302023
240309023
240311023
240314023
240321023
240323023
240328023
240406023
240408023
240411023
231028024
231101024
231104024
231106024
231108024
231110024
231118024
231121024
231126024
231203024
231210024
231213024
231215024
231217024
231223024
231226024
231228024
240103024
240106024
240110024
240114024
240121024
240124024
240129024
240131024
240224024
240228024
240301024
240303024
240305024
240310024
240312024
240318024
240320024
240325024
240327024
240329024
240331024
240407024
240409024
240414024
231029028
231031028
231106028
231109028
231116028
231119028
231123028
231203028
231205028
231207028
231214028
231219028
231221028
240102028
240104028
240107028
240109028
240111028
240121028
240128028
240130028
240201028
240204028
240206028
240218028
240220028
240222028
240225028
240229028
240305028
240307028
240310028
240314028
240317028
240319028
240328028
240331028
240404028
240407028
240411028
240413028
231029026
231103026
231105026
231108026
231117026
231119026
231121026
231126026
231128026
231201026
231205026
231208026
231210026
231212026
231226026
231229026
240105026
240110026
240113026
240115026
240117026
240120026
240124026
240126026
240128026
240202026
240204026
240206026
240211026
240224026
240301026
240305026
240308026
240310026
240323026
240327026
240331026
240402026
240405026
240410026
240414026
231101027
231105027
231107027
231111027
231115027
231119027
231129027
231210027
231212027
231216027
231226027
231230027
240102027
240104027
240110027
240113027
240117027
240119027
240124027
240126027
240128027
240130027
240201027
240204027
240206027
240220027
240222027
240226027
240228027
240301027
240303027
240307027
240309027
240313027
240317027
240319027
240321027
240331027
240404027
240410027
240414027
241109001
241113001
241116001
241120001
241124001
241126001
241130001
241203001
241206001
241208001
241211001
241214001
241217001
241222001
241228001
241230001
250107001
250111001
250115001
250117001
250122001
250124001
250128001
250131001
250205001
250207001
250215001
250305001
250312001
250314001
250316001
250318001
250322001
250326001
250401001
250403001
250405001
250409001
250411001
250416001
250419001
241103002
241105002
241110002
241112002
241119002
241121002
241126002
241201002
241203002
241215002
241217002
241222002
241231002
250103002
250105002
250107002
250110002
250114002
250119002
250126002
250128002
250131002
250202002
250204002
250209002
250211002
250213002
250216002
250302002
250304002
250306002
250309002
250311002
250313002
250316002
250325002
250330002
250403002
250406002
250415002
250420002
241103017
241106017
241109017
241113017
241115017
241117017
241120017
241130017
241204017
241206017
241210017
241214017
241222017
241230017
250107017
250111017
250119017
250121017
250201017
250205017
250207017
250209017
250211017
250213017
250216017
250222017
250225017
250227017
250303017
250305017
250316017
250318017
250322017
250324017
250326017
250330017
250402017
250407017
250409017
250417017
250419017
241103005
241110005
241113005
241115005
241120005
241124005
241127005
241204005
241207005
241215005
241218005
241221005
241226005
241229005
250105005
250108005
250111005
250124005
250126005
250130005
250205005
250208005
250211005
250213005
250216005
250223005
250228005
250302005
250306005
250308005
250313005
250315005
250318005
250322005
250329005
250401005
250403005
250405005
250409005
250414005
250419005
241104030
241106030
241113030
241116030
241118030
241123030
241127030
241204030
241214030
241218030
241221030
241229030
241231030
250103030
250105030
250114030
250117030
250119030
250121030
250125030
250128030
250208030
250211030
250214030
250216030
250222030
250226030
250301030
250305030
250312030
250314030
250321030
250323030
250326030
250328030
250330030
250401030
250405030
250413030
250416030
250420030
241105004
241109004
241113004
241201004
241203004
241206004
241208004
241210004
241211004
241213004
241216004
241218004
241220004
241228004
250101004
250103004
250107004
250108004
250110004
250112004
250115004
250121004
250125004
250127004
250129004
250215004
250222004
250225004
250301004
250307004
250315004
250318004
250321004
250326004
250328004
250331004
250402004
250409004
250411004
250415004
250419004
241104007
241106007
241109007
241111007
241117007
241119007
241121007
241123007
241126007
241129007
241202007
241204007
241206007
241220007
241226007
241231007
250103007
250109007
250112007
250114007
250121007
250201007
250205007
250208007
250223007
250301007
250303007
250307007
250313007
250316007
250318007
250320007
250322007
250324007
250326007
250401007
250409007
250411007
250413007
250415007
250419007
241103009
241105009
241106009
241117009
241120009
241123009
241126009
241201009
241204009
241206009
241210009
241212009
241220009
241222009
241227009
241229009
250103009
250112009
250115009
250117009
250122009
250126009
250128009
250202009
250204009
250213009
250215009
250223009
250227009
250314009
250317009
250323009
250325009
250328009
250403009
250405009
250408009
250410009
250415009
250418009
250420009
241106010
241109010
241111010
241113010
241118010
241127010
241130010
241204010
241207010
241209010
241211010
241215010
241217010
241220010
241222010
241226010
241231010
250102010
250105010
250113010
250115010
250118010
250124010
250128010
250206010
250209010
250213010
250215010
250222010
250227010
250306010
250316010
250318010
250322010
250324010
250401010
250403010
250413010
250416010
250418010
250420010
241106011
241110011
241113011
241117011
241120011
241123011
241125011
241126011
241207011
241211011
241217011
241222011
241225011
241227011
250104011
250114011
250115011
250122011
250127011
250129011
250202011
250204011
250209011
250211011
250213011
250216011
250223011
250225011
250301011
250311011
250316011
250318011
250320011
250323011
250331011
250406011
250408011
250410011
250413011
250415011
250420011
241102013
241105013
241107013
241117013
241121013
241123013
241126013
241128013
241203013
241208013
241212013
241217013
241220013
241222013
241225013
241228013
250102013
250107013
250113013
250117013
250119013
250121013
250125013
250128013
250130013
250201013
250203013
250215013
250222013
250225013
250304013
250306013
250308013
250320013
250327013
250329013
250331013
250407013
250411013
250415013
250417013
241104014
241109014
241111014
241114014
241119014
241121014
241123014
241128014
241130014
241210014
241213014
241217014
241219014
241221014
241227014
250101014
250103014
250105014
250119014
250121014
250123014
250130014
250203014
250205014
250207014
250213014
250216014
250226014
250304014
250307014
250310014
250312014
250314014
250317014
250319014
250325014
250329014
250405014
250410014
250417014
250419014
241103016
241106016
241109016
241116016
241123016
241126016
241207016
241210016
241214016
241217016
241226016
250101016
250104016
250107016
250110016
250112016
250115016
250117016
250124016
250126016
250128016
250130016
250202016
250204016
250206016
250209016
250213016
250215016
250217016
250302016
250304016
250308016
250313016
250320016
250323016
250327016
250406016
250408016
250413016
250417016
250420016
241103003
241105003
241109003
241112003
241117003
241120003
241201003
241204003
241208003
241215003
241217003
241229003
250105003
250108003
250114003
250119003
250122003
250126003
250128003
250131003
250202003
250211003
250214003
250216003
250223003
250227003
250302003
250304003
250306003
250309003
250312003
250316003
250319003
250325003
250328003
250402003
250406003
250408003
250410003
250418003
250420003
241105025
241107025
241110025
241112025
241114025
241126025
241128025
241201025
241204025
241211025
241214025
241217025
241222025
241228025
250109025
250111025
250114025
250116025
250118025
250121025
250123025
250131025
250205025
250208025
250210025
250213025
250216025
250225025
250304025
250306025
250308025
250311025
250318025
250322025
250325025
250327025
250401025
250408025
250411025
250413025
250415025
241103019
241109019
241112019
241117019
241124019
241127019
241129019
241201019
241204019
241218019
241222019
241227019
241229019
250105019
250107019
250108019
250118019
250120019
250122019
250128019
250201019
250208019
250210019
250213019
250215019
250222019
250227019
250302019
250304019
250311019
250313019
250324019
250326019
250328019
250330019
250401019
250406019
250408019
250411019
250418019
250420019
241103021
241113021
241119021
241122021
241124021
241126021
241201021
241203021
241207021
241210021
241213021
241215021
241218021
241223021
241226021
250102021
250109021
250111021
250119021
250121021
250123021
250205021
250211021
250214021
250217021
250223021
250227021
250303021
250305021
250309021
250311021
250318021
250328021
250330021
250401021
250405021
250409021
250412021
250415021
250416021
250418021
241105022
241113022
241117022
241119022
241121022
241128022
241130022
241205022
241209022
241212022
241227022
241230022
250101022
250107022
250119022
250122022
250124022
250126022
250128022
250202022
250204022
250205022
250209022
250223022
250225022
250227022
250301022
250304022
250309022
250312022
250319022
250324022
250326022
250328022
250330022
250402022
250406022
250408022
250414022
250417022
250420022
241109023
241114023
241116023
241119023
241121023
241123023
241128023
241203023
241205023
241207023
241216023
241219023
241221023
241223023
241226023
250102023
250111023
250113023
250115023
250118023
250120023
250123023
250125023
250201023
250204023
250208023
250211023
250222023
250306023
250308023
250311023
250313023
250315023
250320023
250322023
250324023
250328023
250403023
250405023
250410023
250420023
241103024
241110024
241112024
241116024
241124024
241127024
241201024
241203024
241208024
241211024
241215024
241218024
241223024
241226024
241228024
250104024
250106024
250108024
250112024
250114024
250117024
250119024
250127024
250129024
250223024
250226024
250302024
250304024
250306024
250308024
250312024
250314024
250316024
250318024
250325024
250327024
250330024
250402024
250406024
250412024
250416024
241103026
241108026
241110026
241113026
241122026
241124026
241126026
241130026
241206026
241208026
241210026
241214026
241227026
241231026
250105026
250110026
250112026
250115026
250122026
250126026
250129026
250201026
250205026
250207026
250211026
250223026
250225026
250228026
250302026
250308026
250311026
250322026
250324026
250326026
250328026
250330026
250401026
250405026
250413026
250415026
250418026
241106027
241110027
241114027
241117027
241123027
241201027
241204027
241208027
241210027
241212027
241215027
241227027
241229027
250102027
250104027
250106027
250108027
250112027
250115027
250121027
250126027
250129027
250201027
250205027
250207027
250209027
250211027
250223027
250227027
250302027
250304027
250314027
250319027
250330027
250403027
250405027
250409027
250411027
250413027
250415027
250417027
251108001
251110001
251112001
251123001
251127001
251130001
251202001
251210001
251216001
251218001
251223001
251227001
260103001
260107001
260110001
260114001
260116001
260118001
260120001
260123001
260125001
260127001
260130001
260203001
260207001
260222001
260225001
260227001
260303001
260307001
260311001
260317001
260319001
260325001
260329001
260331001
260405001
260407001
260412001
260414001
260418001
251102002
251104002
251109002
251111002
251113002
251116002
251118002
251125002
251128002
251130002
251202002
251214002
251216002
251219002
251221002
260104002
260106002
260109002
260118002
260120002
260123002
260125002
260127002
260201002
260203002
260210002
260212002
260215002
260301002
260303002
260308002
260310002
260312002
260320002
260322002
260326002
260405002
260409002
260414002
260417002
260419002
251102017
251105017
251109017
251112017
251115017
251119017
251130017
251203017
251210017
251214017
251216017
251218017
251220017
251227017
251230017
260106017
260116017
260121017
260131017
260204017
260206017
260208017
260210017
260212017
260222017
260226017
260304017
260306017
260315017
260317017
260319017
260323017
260327017
260329017
260402017
260404017
260406017
260408017
260412017
260416017
260419017
251105030
251107030
251109030
251111030
251116030
251123030
251126030
251207030
251210030
251213030
251217030
251219030
251223030
251228030
251230030
260110030
260113030
260116030
260120030
260127030
260130030
260201030
260203030
260206030
260208030
260210030
260213030
260215030
260306030
260308030
260311030
260314030
260318030
260321030
260328030
260331030
260402030
260404030
260412030
260415030
260419030
251102004
251107004
251109004
251112004
251129004
251203004
251205004
251209004
251213004
251217004
251220004
251222004
251231004
260102004
260104004
260107004
260109004
260114004
260116004
260118004
260120004
260127004
260128004
260214004
260216004
260222004
260224004
260228004
260302004
260307004
260310004
260314004
260318004
260324004
260328004
260401004
260404004
260408004
260411004
260414004
260419004
251105006
251115006
251117006
251119006
251122006
251126006
251201006
251203006
251210006
251212006
251214006
251216006
251218006
251226006
251230006
260103006
260107006
260114006
260116006
260128006
260131006
260204006
260207006
260209006
260213006
260215006
260221006
260223006
260225006
260227006
260303006
260305006
260307006
260314006
260321006
260323006
260402006
260404006
260408006
260416006
260419006
251102007
251104007
251109007
251113007
251118007
251120007
251125007
251128007
251130007
251203007
251206007
251221007
251223007
251227007
251229007
251231007
260102007
260104007
260106007
260110007
260118007
260120007
260123007
260127007
260204007
260208007
260210007
260215007
260221007
260227007
260301007
260304007
260306007
260322007
260324007
260329007
260331007
260406007
260408007
260415007
260417007
251102008
251105008
251115008
251123008
251125008
251202008
251214008
251216008
251220008
251223008
251225008
251227008
251229008
260103008
260106008
260107008
260114008
260116008
260122008
260125008
260127008
260129008
260201008
260208008
260214008
260221008
260223008
260226008
260308008
260312008
260320008
260322008
260326008
260328008
260331008
260402008
260404008
260409008
260412008
260416008
260419008
251102009
251104009
251111009
251114009
251116009
251121009
251123009
251126009
251128009
251130009
251202009
251207009
251209009
251214009
251226009
251228009
260105009
260111009
260114009
260116009
260120009
260123009
260125009
260128009
260202009
260204009
260206009
260213009
260215009
260227009
260301009
260303009
260316009
260319009
260327009
260329009
260331009
260407009
260412009
260414009
260417009
251105011
251109011
251111011
251118011
251120011
251124011
251125011
251206011
251208011
251210011
251216011
251221011
251230011
260102011
260111011
260113011
260118011
260121011
260127011
260201011
260204011
260208011
260210011
260212011
260215011
260221011
260224011
260307011
260313011
260315011
260317011
260319011
260322011
260324011
260326011
260330011
260405011
260410011
260412011
260414011
260419011
251104012
251105012
251115012
251120012
251123012
251127012
251203012
251205012
251207012
251210012
251211012
251217012
251227012
251231012
260107012
260110012
260114012
260116012
260118012
260120012
260122012
260125012
260128012
260210012
260212012
260214012
260224012
260227012
260301012
260305012
260307012
260313012
260317012
260325012
260328012
260331012
260404012
260407012
260410012
260412012
260416012
251102029
251105029
251108029
251114029
251122029
251125029
251202029
251206029
251209029
251214029
251217029
251219029
251221029
251223029
260103029
260106029
260110029
260113029
260116029
260125029
260128029
260130029
260201029
260215029
260221029
260224029
260227029
260301029
260312029
260314029
260317029
260319029
260321029
260323029
260326029
260328029
260402029
260404029
260407029
260411029
260418029
251105015
251108015
251112015
251123015
251126015
251129015
251203015
251206015
251210015
251214015
251217015
251220015
251223015
251230015
260104015
260106015
260110015
260114015
260121015
260123015
260127015
260129015
260204015
260208015
260211015
260214015
260221015
260224015
260304015
260308015
260311015
260313015
260315015
260318015
260326015
260328015
260401015
260409015
260412015
260415015
260417015
251102016
251107016
251109016
251115016
251117016
251119016
251125016
251129016
251210016
251213016
251215016
251221016
251223016
251226016
251228016
260104016
260111016
260113016
260120016
260122016
260124016
260130016
260208016
260210016
260211016
260213016
260215016
260224016
260226016
260301016
260305016
260307016
260319016
260321016
260326016
260329016
260402016
260407016
260409016
260416016
260419016
251101003
251109003
251112003
251116003
251118003
251123003
251202003
251207003
251214003
251216003
251218003
251228003
251231003
260102003
260104003
260106003
260110003
260113003
260118003
260125003
260130003
260201003
260204003
260208003
260210003
260213003
260215003
260222003
260306003
260308003
260310003
260312003
260318003
260321003
260323003
260331003
260405003
260407003
260410003
260412003
260414003
251104018
251106018
251120018
251126018
251130018
251204018
251212018
251214018
251217018
251221018
251223018
251226018
260102018
260106018
260108018
260111018
260113018
260116018
260119018
260121018
260125018
260127018
260131018
260205018
260207018
260215018
260222018
260224018
260303018
260313018
260315018
260317018
260319018
260321018
260324018
260329018
260331018
260405018
260407018
260414018
260417018
251102019
251104019
251113019
251115019
251119019
251123019
251125019
251126019
251205019
251207019
251210019
251219019
251221019
251223019
251226019
251228019
251230019
260107019
260118019
260121019
260124019
260129019
260201019
260204019
260210019
260215019
260224019
260226019
260310019
260311019
260315019
260317019
260322019
260326019
260331019
260405019
260407019
260410019
260412019
260415019
260417019
251101020
251104020
251109020
251111020
251113020
251115020
251119020
251121020
251129020
251207020
251209020
251212020
251214020
251216020
251221020
260109020
260111020
260113020
260118020
260120020
260124020
260126020
260128020
260131020
260203020
260206020
260215020
260222020
260225020
260303020
260305020
260309020
260314020
260322020
260324020
260329020
260402020
260405020
260407020
260410020
260418020
251101021
251106021
251110021
251112021
251116021
251118021
251122021
251125021
251130021
251202021
251204021
251206021
251209021
251212021
251220021
251223021
260104021
260106021
260107021
260112021
260114021
260120021
260122021
260204021
260206021
260208021
260210021
260216021
260222021
260225021
260301021
260303021
260309021
260311021
260315021
260323021
260325021
260405021
260407021
260413021
260417021
251105022
251109022
251111022
251116022
251118022
251202022
251204022
251207022
251209022
251211022
251216022
251218022
251228022
251230022
260101022
260108022
260111022
260113022
260115022
260118022
260122022
260125022
260127022
260201022
260203022
260222022
260224022
260226022
260301022
260309022
260312022
260320022
260324022
260326022
260329022
260401022
260405022
260407022
260410022
260415022
260419022
251108023
251111023
251113023
251115023
251118023
251121023
251123023
251125023
251129023
251202023
251204023
251206023
251208023
251211023
251222023
251226023
251230023
260103023
260106023
260108023
260115023
260117023
260119023
260131023
260205023
260207023
260209023
260212023
260221023
260227023
260310023
260312023
260314023
260321023
260326023
260328023
260402023
260409023
260411023
260416023
260418023
251102028
251104028
251107028
251111028
251113028
251116028
251120028
251128028
251130028
251207028
251214028
251216028
251218028
251228028
260104028
260106028
260108028
260111028
260115028
260125028
260129028
260201028
260203028
260205028
260208028
260212028
260301028
260305028
260308028
260310028
260312028
260315028
260317028
260324028
260329028
260331028
260402028
260404028
260409028
260414028
260417028
251102026
251105026
251114026
251119026
251121026
251125026
251129026
251201026
251205026
251207026
251209026
251212026
251214026
251226026
251231026
260103026
260114026
260117026
260121026
260123026
260125026
260130026
260201026
260203026
260206026
260221026
260225026
260301026
260303026
260306026
260308026
260311026
260321026
260323026
260325026
260327026
260404026
260408026
260410026
260412026
260419026
251105027
251109027
251111027
251112027
251122027
251130027
251202027
251206027
251210027
251213027
251226027
251228027
251230027
260103027
260107027
260109027
260111027
260116027
260120027
260122027
260128027
260131027
260204027
260206027
260208027
260210027
260212027
260221027
260225027
260301027
260305027
260307027
260311027
260315027
260317027
260319027
260321027
260404027
260408027
260416027
260418027
261101002
261103002
261108002
261110002
261113002
261115002
261117002
261124002
261129002
261206002
261208002
261215002
261220002
261222002
270103002
270110002
270112002
270119002
270122002
270124002
270128002
270131002
270202002
270207002
270209002
270214002
270228002
270304002
270307002
270309002
270311002
270314002
270321002
270323002
270326002
270328002
270401002
270406002
270411002
270413002
270418002
261101017
261108017
261110017
261113017
261115017
261118017
261128017
261202017
261205017
261207017
261209017
261211017
261213017
261216017
261218017
261220017
261222017
261227017
261230017
270105017
270109017
270115017
270120017
270131017
270204017
270210017
270213017
270221017
270223017
270225017
270227017
270303017
270315017
270318017
270320017
270328017
270331017
270404017
270407017
270413017
270418017
261101005
261107005
261109005
261111005
261115005
261117005
261121005
261125005
261129005
261206005
261209005
261213005
261215005
261221005
261223005
261229005
270102005
270106005
270122005
270124005
270128005
270130005
270202005
270204005
270207005
270209005
270211005
270222005
270227005
270303005
270305005
270311005
270313005
270317005
270321005
270323005
270325005
270405005
270412005
270414005
270418005
261101030
261104030
261110030
261112030
261120030
261122030
261125030
261203030
261206030
261208030
261210030
261214030
261216030
261222030
261227030
261229030
270101030
270113030
270115030
270117030
270120030
270124030
270131030
270203030
270209030
270214030
270220030
270223030
270224030
270310030
270312030
270314030
270316030
270320030
270324030
270328030
270330030
270403030
270406030
270410030
270418030
261102006
261106006
261114006
261118006
261121006
261125006
261127006
261129006
261201006
261207006
261209006
261213006
261215006
261222006
261226006
261228006
261230006
270102006
270104006
270110006
270116006
270118006
270127006
270130006
270203006
270207006
270209006
270222006
270224006
270226006
270301006
270303006
270306006
270314006
270316006
270328006
270330006
270407006
270409006
270413006
270415006
261103007
261108007
261118007
261121007
261124007
261126007
261128007
261202007
261206007
261208007
261218007
261222007
261226007
261228007
261231007
270102007
270106007
270108007
270110007
270112007
270119007
270122007
270127007
270129007
270202007
270205007
270207007
270212007
270223007
270228007
270302007
270306007
270309007
270313007
270315007
270317007
270328007
270404007
270406007
270409007
270416007
261101008
261104008
261115008
261117008
261118008
261122008
261124008
261201008
261205008
261217008
261223008
261226008
261229008
261231008
270110008
270113008
270115008
270117008
270120008
270126008
270128008
270202008
270206008
270208008
270210008
270212008
270214008
270221008
270225008
270305008
270307008
270318008
270320008
270326008
270330008
270401008
270404008
270408008
270411008
270415008
270417008
261101009
261103009
261109009
261111009
261114009
261116009
261118009
261120009
261122009
261125009
261127009
261129009
261202009
261209009
261212009
261214009
261226009
261229009
270106009
270110009
270112009
270115009
270120009
270124009
270127009
270209009
270211009
270214009
270221009
270225009
270307009
270309009
270312009
270316009
270323009
270326009
270329009
270401009
270409009
270415009
270417009
261103011
261107011
261110011
261117011
261121011
261124011
261206011
261208011
261213011
261215011
261217011
261223011
261226011
261230011
270109011
270112011
270120011
270122011
270124011
270127011
270130011
270202011
270205011
270207011
270209011
270211011
270214011
270221011
270225011
270227011
270310011
270314011
270317011
270323011
270325011
270327011
270401011
270403011
270407011
270415011
270418011
261102012
261104012
261106012
261108012
261112012
261118012
261122012
261129012
261202012
261203012
261205012
261211012
261213012
261217012
261220012
261227012
261229012
261231012
270113012
270117012
270120012
270123012
270125012
270127012
270131012
270214012
270220012
270224012
270226012
270228012
270303012
270305012
270311012
270323012
270324012
270328012
270404012
270407012
270413012
270415012
270418012
261031013
261103013
261107013
261110013
261112013
261117013
261119013
261121013
261126013
261128013
261130013
261204013
261206013
261208013
261210013
261215013
261217013
261231013
270105013
270107013
270112013
270115013
270122013
270126013
270128013
270213013
270215013
270221013
270223013
270302013
270311013
270316013
270318013
270325013
270327013
270330013
270401013
270403013
270408013
270412013
270415013
261031014
261103014
261107014
261112014
261114014
261117014
261124014
261127014
261130014
261211014
261213014
261216014
261218014
261223014
261225014
261229014
270103014
270118014
270121014
270122014
270130014
270201014
270205014
270211014
270213014
270225014
270302014
270305014
270307014
270309014
270311014
270313014
270316014
270318014
270324014
270326014
270403014
270408014
270411014
270413014
270416014
261104015
261108015
261111015
261118015
261122015
261125015
261206015
261208015
261212015
261216015
261220015
261223015
261230015
270105015
270110015
270117015
270126015
270128015
270203015
270206015
270210015
270213015
270220015
270224015
270227015
270304015
270307015
270310015
270312015
270315015
270317015
270321015
270325015
270401015
270403015
270404015
270407015
270409015
270411015
270414015
270416015
261105003
261107003
261114003
261121003
261124003
261128003
261201003
261211003
261214003
261216003
261222003
261223003
261229003
270102003
270104003
270106003
270108003
270112003
270116003
270120003
270126003
270127003
270129003
270131003
270202003
270208003
270210003
270214003
270223003
270228003
270304003
270313003
270319003
270323003
270325003
270327003
270331003
270404003
270406003
270410003
270413003
261104018
261106018
261113018
261115018
261118018
261120018
261125018
261202018
261204018
261206018
261209018
261211018
261213018
261216018
261218018
261220018
261222018
261227018
270110018
270112018
270115018
270119018
270124018
270126018
270130018
270206018
270220018
270223018
270226018
270302018
270306018
270316018
270318018
270320018
270322018
270326018
270328018
270404018
270406018
270409018
270416018
261101025
261105025
261115025
261117025
261120025
261124025
261126025
261129025
261201025
261205025
261208025
261210025
261220025
261223025
261226025
261231025
270105025
270110025
270112025
270116025
270119025
270123025
270126025
270128025
270202025
270210025
270214025
270220025
270226025
270301025
270304025
270313025
270317025
270321025
270323025
270325025
270330025
270401025
270406025
270409025
270418025
261101019
261103019
261106019
261108019
261115019
261118019
261122019
261125019
261208019
261209019
261211019
261213019
261216019
261220019
261222019
261227019
261230019
270102019
270105019
270107019
270119019
270123019
270126019
270131019
270202019
270203019
270209019
270214019
270223019
270225019
270305019
270308019
270314019
270317019
270323019
270330019
270401019
270404019
270407019
270415019
270418019
261101020
261105020
261110020
261121020
261124020
261203020
261208020
261211020
261213020
261220020
261223020
270109020
270112020
270115020
270119020
270121020
270123020
270126020
270202020
270205020
270207020
270209020
270211020
270214020
270221020
270226020
270228020
270302020
270304020
270307020
270309020
270314020
270316020
270318020
270323020
270330020
270406020
270408020
270410020
270414020
270417020
261101021
261103021
261109021
261111021
261117021
261122021
261124021
261129021
261201021
261205021
261215021
261219021
261222021
261226021
261229021
270105021
270107021
270109021
270111021
270113021
270119021
270121021
270201021
270203021
270209021
270211021
270221021
270302021
270304021
270307021
270309021
270312021
270316021
270320021
270322021
270326021
270330021
270401021
270411021
270413021
270417021
261104022
261108022
261110022
261112022
261120022
261122022
261126022
261128022
261201022
261203022
261215022
261220022
261222022
261227022
261229022
270101022
270103022
270107022
270112022
270114022
270117022
270121022
270124022
270131022
270203022
270206022
270220022
270223022
270301022
270303022
270306022
270311022
270314022
270318022
270320022
270329022
270331022
270404022
270411022
270414022
270418022
261103028
261105028
261108028
261110028
261122028
261126028
261201028
261210028
261215028
261217028
261227028
261229028
270103028
270105028
270107028
270114028
270117028
270119028
270122028
270124028
270126028
270131028
270204028
270207028
270209028
270214028
270221028
270223028
270302028
270307028
270311028
270314028
270316028
270321028
270323028
270328028
270401028
270408028
270413028
270415028
270418028
261101026
261104026
261106026
261114026
261118026
261120026
261124026
261127026
261129026
261202026
261204026
261211026
261215026
261226026
261230026
270103026
270109026
270113026
270122026
270124026
270126026
270129026
270131026
270205026
270210026
270212026
270214026
270224026
270226026
270305026
270307026
270310026
270320026
270324026
270326026
270328026
270407026
270411026
270414026
270416026
270418026
261104027
261108027
261110027
261112027
261118027
261125027
261128027
261201027
261204027
261209027
261213027
261215027
261226027
261229027
270103027
270105027
270110027
270115027
270117027
270120027
270123027
270130027
270203027
270205027
270207027
270211027
270220027
270222027
270228027
270302027
270304027
270306027
270310027
270317027
270328027
270330027
270404027
270406027
270410027
270415027
270417027
271102001
271107001
271111001
271114001
271116001
271120001
271128001
271130001
271204001
271206001
271208001
271211001
271215001
271217001
271219001
271226001
280105001
280109001
280111001
280113001
280115001
280121001
280202001
280204001
280206001
280208001
280212001
280227001
280229001
280304001
280308001
280312001
280314001
280322001
280326001
280328001
280330001
280402001
280404001
280412001
280415001
271102002
271107002
271109002
271114002
271116002
271121002
271123002
271129002
271202002
271207002
271212002
271214002
271219002
271221002
271223002
280102002
280104002
280109002
280114002
280116002
280118002
280123002
280125002
280131002
280206002
280210002
280213002
280227002
280229002
280302002
280305002
280307002
280312002
280314002
280324002
280326002
280328002
280330002
280402002
280411002
280416002
271031005
271102005
271114005
271116005
271120005
271124005
271127005
271204005
271211005
271215005
271217005
271220005
271223005
271225005
280102005
280104005
280108005
280111005
280123005
280125005
280202005
280205005
280210005
280213005
280219005
280222005
280224005
280229005
280302005
280308005
280310005
280316005
280319005
280321005
280326005
280330005
280403005
280405005
280409005
280413005
280416005
271102030
271106030
271109030
271111030
271113030
271117030
271119030
271121030
271124030
271205030
271208030
271212030
271214030
271219030
271221030
271226030
271228030
271231030
280102030
280106030
280108030
280112030
280114030
280116030
280119030
280121030
280123030
280126030
280208030
280211030
280213030
280222030
280302030
280305030
280307030
280322030
280331030
280402030
280405030
280408030
280416030
271102004
271106004
271108004
271110004
271127004
271201004
271203004
271208004
271211004
271214004
271218004
271222004
271228004
271231004
280103004
280105004
280108004
280118004
280119004
280123004
280125004
280127004
280129004
280212004
280214004
280222004
280229004
280304004
280306004
280311004
280314004
280318004
280320004
280322004
280325004
280329004
280401004
280405004
280411004
280413004
280416004
271103006
271105006
271113006
271115006
271117006
271120006
271126006
271128006
271130006
271206006
271208006
271214006
271217006
271219006
271221006
271227006
271229006
280102006
280104006
280109006
280119006
280125006
280127006
280206006
280208006
280213006
280225006
280229006
280306006
280308006
280310006
280312006
280314006
280318006
280320006
280323006
280325006
280402006
280408006
280410006
280416006
271031007
271104007
271112007
271114007
271117007
271120007
271123007
271127007
271130007
271202007
271205007
271208007
271212007
271216007
271220007
271226007
271230007
280103007
280106007
280111007
280117007
280119007
280123007
280125007
280202007
280206007
280208007
280219007
280225007
280229007
280305007
280307007
280312007
280314007
280316007
280327007
280329007
280401007
280405007
280413007
280416007
271104008
271109008
271121008
271123008
271125008
271128008
271202008
271207008
271209008
271214008
271216008
271221008
271223008
271228008
271231008
280105008
280115008
280118008
280125008
280131008
280203008
280206008
280208008
280210008
280213008
280219008
280222008
280304008
280309008
280312008
280314008
280316008
280318008
280324008
280327008
280329008
280404008
280408008
280411008
280413008
280415008
271030009
271106009
271108009
271114009
271116009
271126009
271129009
271203009
271205009
271207009
271211009
271214009
271226009
271228009
280104009
280107009
280111009
280113009
280121009
280124009
280127009
280201009
280207009
280209009
280211009
280213009
280220009
280222009
280226009
280229009
280302009
280312009
280315009
280321009
280324009
280327009
280330009
280408009
280410009
280412009
280416009
271102012
271104012
271111012
271114012
271117012
271121012
271124012
271126012
271202012
271204012
271209012
271218012
271227012
271231012
280102012
280106012
280109012
280112012
280115012
280119012
280121012
280123012
280128012
280130012
280213012
280220012
280222012
280223012
280225012
280227012
280301012
280303012
280305012
280308012
280319012
280322012
280329012
280331012
280406012
280408012
280410012
271030013
271104013
271106013
271109013
271116013
271118013
271125013
271127013
271129013
271202013
271209013
271213013
271216013
271225013
271228013
271230013
280104013
280106013
280111013
280113013
280117013
280121013
280127013
280129013
280219013
280226013
280228013
280302013
280307013
280309013
280311013
280321013
280323013
280326013
280328013
280330013
280402013
280404013
280411013
280413013
280415013
271031029
271103029
271113029
271116029
271119029
271121029
271124029
271201029
271203029
271211029
271214029
271217029
271219029
271222029
271226029
271228029
280106029
280108029
280115029
280118029
280121029
280123029
280126029
280128029
280130029
280202029
280205029
280212029
280222029
280226029
280301029
280305029
280308029
280317029
280322029
280324029
280331029
280402029
280404029
280408029
280412029
271102016
271106016
271114016
271116016
271117016
271121016
271124016
271130016
271204016
271208016
271214016
271219016
271221016
280102016
280104016
280106016
280108016
280115016
280123016
280127016
280130016
280201016
280204016
280208016
280210016
280213016
280219016
280221016
280224016
280226016
280302016
280304016
280311016
280317016
280319016
280322016
280330016
280401016
280406016
280409016
280416016
271031003
271102003
271109003
271114003
271119003
271121003
271126003
271201003
271205003
271207003
271209003
271215003
271222003
271229003
271231003
280109003
280111003
280116003
280118003
280121003
280123003
280125003
280128003
280130003
280209003
280220003
280222003
280225003
280227003
280229003
280305003
280307003
280312003
280314003
280317003
280319003
280322003
280404003
280406003
280408003
280415003
271104018
271106018
271109018
271111018
271120018
271124018
271126018
271130018
271202018
271208018
271210018
271212018
271215018
271217018
271219018
271223018
271230018
280102018
280109018
280111018
280113018
280115018
280121018
280125018
280204018
280206018
280208018
280222018
280227018
280303018
280305018
280307018
280308018
280316018
280321018
280324018
280326018
280406018
280409018
280411018
280414018
271103020
271107020
271109020
271111020
271116020
271124020
271128020
271130020
271203020
271205020
271207020
271210020
271212020
271214020
271221020
271226020
280108020
280111020
280119020
280121020
280123020
280130020
280201020
280205020
280207020
280209020
280211020
280213020
280220020
280227020
280307020
280310020
280315020
280319020
280322020
280326020
280328020
280405020
280409020
280411020
280414020
271102021
271104021
271113021
271115021
271121021
271123021
271128021
271130021
271210021
271212021
271222021
271228021
280103021
280105021
280107021
280109021
280112021
280118021
280120021
280129021
280131021
280204021
280206021
280208021
280210021
280214021
280220021
280222021
280224021
280301021
280307021
280309021
280311021
280313021
280315021
280322021
280331021
280404021
280406021
280414021
280416021
271107022
271109022
271110022
271113022
271121022
271123022
271126022
271128022
271206022
271209022
271212022
271214022
271217022
271219022
271221022
271225022
271228022
271230022
280105022
280109022
280125022
280127022
280130022
280201022
280204022
280206022
280219022
280221022
280224022
280229022
280304022
280315022
280318022
280321022
280325022
280329022
280403022
280406022
280408022
280412022
280415022
271106023
271109023
271110023
271116023
271118023
271120023
271126023
271128023
271201023
271204023
271207023
271210023
271223023
271226023
271228023
271230023
280108023
280110023
280112023
280114023
280122023
280130023
280201023
280202023
280206023
280208023
280220023
280302023
280304023
280307023
280313023
280316023
280318023
280326023
280328023
280401023
280403023
280406023
280411023
280412023
280414023
271030024
271102024
271107024
271111024
271113024
271116024
271121024
271123024
271128024
271202024
271205024
271207024
271215024
271217024
271222024
271226024
271228024
271230024
280104024
280110024
280112024
280114024
280117024
280123024
280126024
280219024
280223024
280225024
280228024
280304024
280306024
280310024
280317024
280321024
280326024
280328024
280330024
280401024
280409024
280411024
280416024
271031028
271104028
271107028
271114028
271116028
271118028
271125028
271128028
271130028
271203028
271205028
271209028
271212028
271216028
280104028
280106028
280109028
280113028
280116028
280118028
280125028
280130028
280201028
280208028
280211028
280213028
280220028
280224028
280227028
280229028
280307028
280309028
280319028
280323028
280326028
280328028
280330028
280404028
280409028
280411028
280414028
271101026
271103026
271107026
271110026
271112026
271119026
271123026
271130026
271203026
271211026
271215026
271226026
271229026
271231026
280102026
280108026
280110026
280112026
280114026
280118026
280125026
280128026
280130026
280204026
280209026
280219026
280223026
280227026
280303026
280305026
280308026
280317026
280320026
280322026
280325026
280328026
280331026
280402026
280404026
280412026
280414026
271103027
271109027
271114027
271117027
271120027
271123027
271201027
271205027
271207027
271209027
271211027
271215027
271219027
271221027
271229027
280102027
280106027
280108027
280112027
280118027
280121027
280125027
280129027
280201027
280203027
280206027
280219027
280223027
280302027
280305027
280308027
280311027
280313027
280315027
280317027
280323027
280402027
280404027
280409027
280412027
280414027
281101001
281107001
281115001
281119001
281121001
281126001
281203001
281205001
281213001
281215001
281217001
281219001
281221001
281223001
281227001
281229001
290103001
290107001
290111001
290119001
290123001
290125001
290130001
290207001
290210001
290227001
290301001
290307001
290309001
290311001
290313001
290315001
290317001
290319001
290323001
290325001
290327001
290329001
290404001
290410001
290414001
281028002
281031002
281107002
281110002
281112002
281114002
281118002
281120002
281126002
281128002
281201002
281203002
281205002
281212002
281215002
281219002
281221002
281223002
290102002
290107002
290112002
290114002
290119002
290125002
290128002
290201002
290205002
290208002
290227002
290301002
290306002
290308002
290313002
290318002
290323002
290329002
290401002
290403002
290408002
290410002
290415002
281101017
281104017
281107017
281112017
281114017
281118017
281122017
281202017
281205017
281210017
281212017
281217017
281219017
281220017
281222017
281226017
281229017
290102017
290105017
290107017
290112017
290115017
290117017
290128017
290203017
290207017
290210017
290220017
290223017
290225017
290301017
290304017
290308017
290320017
290322017
290327017
290330017
290401017
290405017
290411017
290413017
281101030
281103030
281107030
281109030
281111030
281114030
281116030
281118030
281122030
281124030
281129030
281201030
281203030
281206030
281213030
281216030
281220030
281223030
281227030
281230030
290103030
290106030
290117030
290119030
290121030
290123030
290206030
290209030
290211030
290218030
290220030
290303030
290306030
290313030
290316030
290318030
290321030
290328030
290331030
290403030
290407030
281028004
281101004
281107004
281108004
281111004
281113004
281115004
281202004
281206004
281209004
281213004
281217004
281220004
281231004
290103004
290106004
290109004
290110004
290112004
290115004
290117004
290120004
290123004
290210004
290212004
290220004
290224004
290228004
290304004
290306004
290314004
290317004
290321004
290324004
290326004
290328004
290404004
290407004
290409004
290411004
290415004
281030006
281103006
281111006
281114006
281121006
281125006
281202006
281204006
281206006
281209006
281211006
281213006
281215006
281223006
281230006
290102006
290106006
290108006
290114006
290117006
290128006
290204006
290207006
290210006
290212006
290218006
290221006
290225006
290227006
290301006
290304006
290307006
290317006
290325006
290327006
290401006
290405006
290408006
290410006
290413006
290415006
281101007
281107007
281109007
281116007
281118007
281123007
281127007
281130007
281202007
281204007
281210007
281213007
281219007
281222007
281226007
290103007
290105007
290107007
290109007
290113007
290115007
290117007
290120007
290125007
290130007
290203007
290223007
290225007
290227007
290305007
290309007
290311007
290314007
290316007
290320007
290328007
290331007
290402007
290404007
290408007
290413007
281029008
281101008
281109008
281119008
281123008
281126008
281128008
281130008
281205008
281212008
281217008
281219008
281223008
281226008
281229008
281231008
290102008
290113008
290117008
290121008
290123008
290125008
290130008
290201008
290204008
290208008
290211008
290217008
290219008
290303008
290306008
290309008
290311008
290315008
290320008
290322008
290326008
290329008
290405008
290410008
290413008
281029009
281105009
281107009
281111009
281113009
281118009
281121009
281201009
281210009
281212009
281215009
281226009
281229009
290107009
290111009
290114009
290116009
290119009
290121009
290123009
290125009
290202009
290204009
290208009
290210009
290212009
290218009
290221009
290227009
290301009
290311009
290313009
290315009
290317009
290320009
290330009
290401009
290403009
290408009
290410009
290413009
281028013
281105013
281109013
281114013
281118013
281121013
281123013
281125013
281128013
281130013
281207013
281210013
281212013
281214013
281216013
281225013
281228013
290102013
290104013
290106013
290109013
290111013
290116013
290119013
290122013
290125013
290127013
290210013
290217013
290220013
290226013
290303013
290306013
290315013
290317013
290319013
290403013
290405013
290409013
290412013
290414013
281031014
281105014
281110014
281112014
281114014
281119014
281122014
281124014
281206014
281208014
281212014
281215014
281219014
281223014
281226014
281230014
290103014
290105014
290121014
290124014
290126014
290128014
290131014
290202014
290208014
290210014
290218014
290221014
290224014
290228014
290302014
290304014
290309014
290311014
290314014
290323014
290328014
290330014
290407014
290412014
290415014
281101015
281105015
281108015
281112015
281115015
281121015
281129015
281203015
281205015
281213015
281220015
281223015
281227015
290102015
290105015
290107015
290109015
290114015
290121015
290124015
290126015
290131015
290207015
290209015
290211015
290218015
290220015
290222015
290228015
290303015
290307015
290310015
290313015
290315015
290318015
290321015
290401015
290404015
290408015
290411015
290413015
281029016
281101016
281105016
281115016
281119016
281121016
281126016
281129016
281206016
281209016
281212016
281217016
281220016
281227016
281229016
290102016
290107016
290110016
290113016
290123016
290125016
290128016
290130016
290204016
290210016
290220016
290222016
290225016
290227016
290301016
290303016
290309016
290311016
290313016
290314016
290322016
290329016
290331016
290405016
290411016
290415016
281101003
281105003
281108003
281112003
281114003
281119003
281122003
281203003
281206003
281210003
281217003
281220003
281223003
281226003
281230003
290109003
290112003
290119003
290121003
290126003
290128003
290130003
290202003
290204003
290206003
290208003
290211003
290218003
290225003
290227003
290305003
290307003
290316003
290318003
290320003
290322003
290325003
290329003
290405003
290408003
290412003
281029019
281101019
281103019
281106019
281108019
281110019
281118019
281122019
281124019
281129019
281203019
281205019
281218019
281220019
281222019
281225019
290102019
290106019
290109019
290122019
290127019
290129019
290202019
290204019
290208019
290211019
290217019
290222019
290227019
290303019
290306019
290311019
290315019
290321019
290325019
290327019
290401019
290403019
290408019
290410019
290415019
281030021
281101021
281110021
281112021
281116021
281120021
281122021
281128021
281130021
281206021
281209021
281212021
281215021
281220021
281225021
290102021
290107021
290109021
290113021
290116021
290129021
290131021
290202021
290206021
290217021
290220021
290222021
290224021
290227021
290301021
290310021
290312021
290314021
290318021
290321021
290323021
290325021
290401021
290403021
290413021
290415021
281031022
281106022
281108022
281119022
281124022
281126022
281128022
281209022
281212022
281216022
281218022
281223022
281225022
281227022
281230022
290102022
290107022
290110022
290119022
290121022
290124022
290128022
290131022
290208022
290211022
290218022
290220022
290222022
290301022
290304022
290307022
290309022
290311022
290313022
290323022
290326022
290328022
290331022
290410022
290413022
290415022
281105023
281107023
281109023
281111023
281114023
281116023
281121023
281126023
281129023
281202023
281206023
281209023
281213023
281215023
281226023
281228023
281230023
290109023
290111023
290113023
290116023
290121023
290130023
290201023
290206023
290218023
290223023
290225023
290227023
290303023
290308023
290310023
290313023
290322023
290327023
290329023
290331023
290405023
290407023
290409023
290412023
281029024
281104024
281107024
281111024
281114024
281119024
281121024
281126024
281128024
281202024
281206024
281210024
281214024
281220024
281222024
281223024
281227024
281230024
290103024
290108024
290111024
290114024
290120024
290123024
290131024
290224024
290225024
290227024
290306024
290308024
290310024
290312024
290317024
290320024
290322024
290324024
290327024
290331024
290408024
290410024
290415024
281029026
281101026
281105026
281107026
281117026
281119026
281124026
281126026
281128026
281129026
281203026
281205026
281211026
281213026
281226026
281229026
290105026
290107026
290110026
290112026
290120026
290124026
290127026
290130026
290202026
290205026
290211026
290217026
290219026
290221026
290223026
290228026
290304026
290306026
290317026
290324026
290328026
290330026
290403026
290411026
290413026
281029027
281107027
281112027
281118027
281121027
281125027
281127027
281129027
281203027
281205027
281209027
281211027
281215027
281219027
281221027
281227027
290104027
290107027
290110027
290112027
290116027
290126027
290131027
290202027
290204027
290206027
290208027
290217027
290221027
290225027
290227027
290302027
290311027
290313027
290315027
290323027
290325027
290328027
290402027
290404027
290413027
221031001
221102001
221116001
221118001
221120001
221123001
221126001
221129001
221205001
221207001
221214001
221217001
221221001
221227001
230101001
230104001
230106001
230108001
230110001
230111001
230118001
230120001
230122001
230124001
230131001
230202001
230211001
230216001
230304001
230308001
230310001
230312001
230314001
230322001
230325001
230329001
230403001
230405001
230409001
230411001
230414001
221030029
221102029
221104029
221111029
221115029
221120029
221123029
221127029
221129029
221201029
221208029
221211029
221213029
221216029
221220029
221222029
221227029
230103029
230106029
230120029
230123029
230125029
230127029
230131029
230212029
230214029
230218029
230224029
230228029
230303029
230305029
230312029
230316029
230319029
230326029
230402029
230404029
230408029
230411029
230413029
230416029
221102015
221106015
221109015
221113015
221116015
221119015
221127015
221130015
221207015
221211015
221213015
221217015
221221015
221228015
230103015
230107015
230110015
230114015
230118015
230125015
230128015
230130015
230201015
230204015
230206015
230212015
230214015
230216015
230224015
230226015
230302015
230308015
230311015
230315015
230322015
230330015
230402015
230404015
230409015
230413015
230416015
221030003
221102003
221106003
221108003
221113003
221115003
221119003
221122003
221127003
221204003
221206003
221209003
221226003
221231003
230103003
230108003
230110003
230115003
230117003
230120003
230122003
230124003
230127003
230129003
230203003
230205003
230212003
230216003
230219003
230221003
230226003
230307003
230309003
230319003
230321003
230326003
230330003
230402003
230409003
230411003
230416003
221030020
221101020
221106020
221108020
221114020
221117020
221122020
221125020
221127020
221204020
221211020
221213020
221216020
221218020
221220020
230106020
230108020
230110020
230112020
230115020
230117020
230120020
230123020
230129020
230131020
230205020
230212020
230214020
230223020
230226020
230228020
230312020
230314020
230321020
230328020
230402020
230404020
230406020
230408020
230413020
230416020
221029023
221031023
221108023
221110023
221117023
221119023
221122023
221129023
221201023
221203023
221206023
221215023
221217023
221219023
221222023
221228023
230105023
230112023
230115023
230121023
230128023
230131023
230211023
230214023
230216023
230218023
230220023
230223023
230225023
230303023
230305023
230309023
230314023
230316023
230318023
230320023
230323023
230327023
230408023
230411023
230416023
221101024
221105024
221109024
221111024
221118024
221120024
221122024
221124024
221127024
221130024
221206024
221208024
221211024
221213024
221221024
221223024
230103024
230112024
230114024
230117024
230120024
230122024
230125024
230218024
230222024
230225024
230301024
230304024
230306024
230314024
230316024
230318024
230321024
230323024
230325024
230327024
230329024
230401024
230409024
230411024
230416024
221030028
221104028
221106028
221115028
221117028
221120028
221124028
221127028
221206028
221208028
221213028
221215028
221220028
221222028
230103028
230105028
230110028
230112028
230115028
230119028
230126028
230131028
230202028
230212028
230214028
230216028
230219028
230221028
230302028
230305028
230309028
230319028
230323028
230326028
230328028
230330028
230401028
230404028
230406028
230411028
230415028
231030010
231101010
231108010
231111010
231114010
231119010
231203010
231206010
231209010
231211010
231219010
231223010
231229010
231231010
240103010
240105010
240111010
240117010
240121010
240128010
240131010
240204010
240206010
240209010
240211010
240217010
240222010
240225010
240227010
240229010
240303010
240307010
240309010
240311010
240313010
240315010
240324010
240329010
240404010
240409010
240414010
231031011
231104011
231107011
231111011
231114011
231119011
231125011
231127011
231128011
231209011
231212011
231215011
231217011
231219011
231227011
231229011
240103011
240106011
240114011
240116011
240120011
240123011
240128011
240131011
240202011
240208011
240217011
240222011
240224011
240228011
240309011
240317011
240319011
240322011
240324011
240328011
240331011
240402011
240406011
240409011
240414011
231031029
231103029
231110029
231115029
231119029
231128029
231205029
231207029
231210029
231213029
231216029
231219029
231226029
231230029
240102029
240103029
240115029
240119029
240121029
240123029
240125029
240128029
240130029
240202029
240206029
240211029
240217029
240220029
240223029
240225029
240228029
240309029
240312029
240316029
240318029
240320029
240323029
240326029
240402029
240407029
240414029
231029003
231101003
231107003
231108003
231112003
231115003
231121003
231126003
231203003
231205003
231208003
231218003
231220003
231226003
240107003
240109003
240113003
240115003
240117003
240121003
240123003
240128003
240131003
240202003
240204003
240206003
240211003
240218003
240225003
240227003
240303003
240305003
240310003
240313003
240317003
240319003
240321003
240323003
240326003
240409003
240412003
231029018
231105018
231107018
231115018
231117018
231119018
231122018
231129018
231201018
231213018
231214018
231216018
231220018
231223018
231230018
240102018
240104018
240108018
240110018
240112018
240114018
240116018
240119018
240124018
240127018
240131018
240203018
240208018
240217018
240220018
240222018
240303018
240309018
240316018
240319018
240322018
240324018
240326018
240329018
240407018
240414018
231030025
231107025
231109025
231118025
231121025
231123025
231125025
231129025
231203025
231205025
231214025
231217025
231219025
231223025
231227025
240102025
240105025
240107025
240109025
240113025
240122025
240124025
240127025
240131025
240202025
240205025
240210025
240212025
240219025
240222025
240225025
240227025
240307025
240309025
240321025
240324025
240326025
240402025
240404025
240410025
240412025
241102006
241106006
241108006
241116006
241119006
241122006
241126006
241130006
241202006
241204006
241206006
241209006
241214006
241218006
241228006
250102006
250105006
250108006
250112006
250115006
250118006
250120006
250123006
250129006
250201006
250208006
250224006
250226006
250228006
250307006
250310006
250315006
250317006
250319006
250321006
250326006
250405006
250407006
250409006
250411006
250419006
241102008
241106008
241117008
241119008
241121008
241126008
241208008
241210008
241216008
241218008
241222008
241227008
241230008
250102008
250106008
250112008
250114008
250115008
250117008
250122008
250126008
250129008
250202008
250210008
250212008
250214008
250222008
250309008
250313008
250316008
250318008
250320008
250325008
250326008
250328008
250330008
250401008
250406008
250413008
250415008
250417008
241103012
241108012
241116012
241120012
241121012
241125012
241128012
241129012
241201012
241204012
241206012
241211012
241213012
241219012
241221012
241229012
241231012
250102012
250105012
250108012
250112012
250114012
250117012
250124012
250126012
250129012
250131012
250224012
250227012
250302012
250305012
250307012
250313012
250316012
250319012
250321012
250323012
250325012
250409012
250412012
250416012
241103029
241105029
241110029
241112029
241122029
241124029
241127029
241130029
241203029
241207029
241211029
241213029
241215029
241217029
241227029
241229029
250103029
250107029
250111029
250115029
250117029
250125029
250129029
250201029
250203029
250208029
250211029
250225029
250301029
250304029
250314029
250318029
250320029
250326029
250329029
250403029
250405029
250408029
250410029
250418029
250420029
241106015
241110015
241113015
241117015
241127015
241130015
241204015
241208015
241210015
241214015
241218015
241222015
241226015
241228015
250105015
250108015
250114015
250121015
250126015
250128015
250201015
250204015
250208015
250212015
250223015
250225015
250227015
250301015
250305015
250308015
250311015
250316015
250318015
250328015
250330015
250401015
250403015
250408015
250413015
250416015
250419015
241106018
241109018
241112018
241121018
241123018
241127018
241201018
241203018
241212018
241215018
241219018
241221018
241226018
241229018
250101018
250104018
250109018
250111018
250117018
250121018
250123018
250125018
250128018
250209018
250213018
250216018
250224018
250226018
250228018
250306018
250308018
250313018
250315018
250321018
250323018
250401018
250405018
250408018
250412018
250417018
250420018
241105020
241110020
241112020
241114020
241116020
241118020
241124020
241126020
241208020
241212020
241214020
241217020
241220020
250110020
250114020
250117020
250124020
250131020
250202020
250204020
250206020
250209020
250212020
250214020
250216020
250226020
250302020
250304020
250308020
250311020
250315020
250319020
250323020
250325020
250401020
250406020
250408020
250412020
250414020
250418020
250420020
241103028
241105028
241107028
241119028
241121028
241124028
241128028
241210028
241212028
241215028
241219028
241222028
250103028
250105028
250107028
250109028
250112028
250116028
250119028
250123028
250126028
250130028
250204028
250206028
250209028
250211028
250213028
250216028
250227028
250309028
250311028
250313028
250320028
250323028
250403028
250406028
250408028
250411028
250415028
250417028
250420028
251102005
251109005
251111005
251115005
251118005
251122005
251126005
251130005
251209005
251213005
251215005
251217005
251220005
251223005
251226005
251231005
260105005
260107005
260110005
260124005
260129005
260201005
260204005
260206005
260211005
260213005
260221005
260224005
260227005
260301005
260305005
260307005
260317005
260319005
260322005
260324005
260329005
260401005
260404005
260413005
260419005
251102010
251105010
251108010
251118010
251123010
251126010
251129010
251203010
251206010
251221010
251227010
251231010
260108010
260111010
260114010
260118010
260125010
260127010
260129010
260201010
260203010
260208010
260211010
260212010
260222010
260224010
260227010
260301010
260303010
260305010
260308010
260313010
260315010
260318010
260320010
260326010
260329010
260331010
260412010
260415010
260419010
251103013
251106013
251116013
251118013
251120013
251124013
251127013
251202013
251204013
251216013
251218013
251220013
251228013
260101013
260106013
260109013
260112013
260116013
260122013
260127013
260211013
260213013
260215013
260221013
260223013
260226013
260228013
260304013
260306013
260312013
260315013
260322013
260324013
260326013
260330013
260402013
260409013
260411013
260414013
260416013
260419013
251103014
251107014
251110014
251112014
251115014
251118014
251123014
251125014
251128014
251209014
251211014
251220014
251223014
251225014
251227014
260101014
260120014
260122014
260124014
260126014
260130014
260202014
260206014
260212014
260214014
260225014
260227014
260304014
260308014
260310014
260312014
260314014
260316014
260324014
260327014
260404014
260406014
260409014
260411014
260414014
260416014
251102025
251104025
251118025
251120025
251122025
251126025
251130025
251202025
251204025
251206025
251210025
251213025
251215025
251219025
251223025
251226025
251231025
260111025
260113025
260120025
260126025
260128025
260130025
260201025
260210025
260212025
260228025
260303025
260305025
260308025
260310025
260314025
260316025
260322025
260326025
260331025
260402025
260404025
260409025
260414025
260419025
251101024
251104024
251115024
251117024
251119024
251125024
251129024
251203024
251207024
251209024
251213024
251217024
251223024
251227024
251229024
260104024
260106024
260110024
260112024
260114024
260118024
260122024
260124024
260128024
260221024
260225024
260227024
260302024
260304024
260310024
260312024
260314024
260317024
260321024
260401024
260405024
260407024
260409024
260411024
260413024
260417024
261103001
261105001
261111001
261114001
261118001
261124001
261129001
261201001
261212001
261216001
261220001
261222001
261227001
270106001
270110001
270112001
270115001
270119001
270127001
270129001
270131001
270202001
270205001
270207001
270221001
270223001
270225001
270303001
270307001
270309001
270310001
270313001
270319001
270321001
270323001
270325001
270401001
270406001
270410001
270413001
270417001
261103004
261106004
261111004
261128004
261202004
261204004
261206004
261208004
261209004
261211004
261213004
261215004
261219004
261223004
261227004
261230004
270102004
270106004
270108004
270111004
270113004
270115004
270120004
270123004
270125004
270127004
270213004
270220004
270223004
270226004
270228004
270302004
270313004
270320004
270322004
270326004
270329004
270331004
270406004
270410004
270413004
261104010
261110010
261114010
261116010
261122010
261125010
261128010
261202010
261205010
261212010
261223010
261229010
261231010
270103010
270105010
270110010
270117010
270120010
270126010
270129010
270131010
270203010
270205010
270210010
270213010
270215010
270221010
270226010
270228010
270303010
270309010
270311010
270314010
270320010
270322010
270326010
270401010
270404010
270406010
270414010
270416010
261101029
261103029
261107029
261117029
261120029
261124029
261202029
261209029
261213029
261215029
261218029
261223029
261227029
261230029
270103029
270105029
270107029
270109029
270112029
270115029
270117029
270127029
270129029
270131029
270203029
270206029
270209029
270213029
270226029
270228029
270303029
270312029
270314029
270317029
270320029
270322029
270403029
270406029
270410029
270414029
270416029
261101016
261111016
261114016
261118016
261122016
261125016
261201016
261206016
261208016
261220016
261222016
261226016
261229016
270103016
270105016
270107016
270110016
270113016
270117016
270119016
270129016
270131016
270207016
270211016
270214016
270221016
270223016
270225016
270227016
270302016
270306016
270313016
270325016
270327016
270330016
270403016
270407016
270409016
270411016
270413016
270418016
261106023
261108023
261112023
261115023
261119023
261122023
261125023
261128023
261204023
261207023
261210023
261216023
261218023
261221023
261227023
261230023
270102023
270104023
270106023
270109023
270113023
270122023
270124023
270203023
270205023
270208023
270211023
270220023
270228023
270306023
270308023
270311023
270321023
270325023
270330023
270403023
270406023
270408023
270413023
270416023
270418023
261103024
261108024
261111024
261115024
261117024
261122024
261124024
261202024
261204024
261208024
261213024
261216024
261220024
261222024
261226024
261228024
261231024
270105024
270109024
270113024
270117024
270119024
270124024
270126024
270220024
270224024
270226024
270302024
270310024
270313024
270317024
270321024
270323024
270328024
270330024
270403024
270405024
270407024
270409024
270411024
270418024
271031017
271102017
271106017
271108017
271110017
271112017
271116017
271117017
271127017
271201017
271205017
271207017
271211017
271214017
271218017
271222017
271226017
271228017
280104017
280109017
280111017
280114017
280116017
280129017
280205017
280210017
280212017
280220017
280223017
280226017
280228017
280302017
280312017
280315017
280319017
280321017
280326017
280329017
280401017
280405017
280415017
271103010
271106010
271109010
271114010
271117010
271121010
271124010
271205010
271212010
271215010
271219010
271229010
271231010
280105010
280111010
280113010
280115010
280119010
280121010
280127010
280129010
280207010
280209010
280211010
280213010
280221010
280224010
280226010
280229010
280302010
280305010
280308010
280310010
280314010
280316010
280318010
280324010
280326010
280409010
280411010
280416010
271031011
271102011
271107011
271110011
271113011
271117011
271120011
271123011
271125011
271204011
271212011
271214011
271219011
271222011
271229011
280102011
280104011
280116011
280119011
280129011
280201011
280202011
280205011
280209011
280212011
280220011
280222011
280225011
280227011
280302011
280311011
280317011
280319011
280321011
280325011
280328011
280331011
280406011
280408011
280412011
280416011
271101014
271104014
271109014
271114014
271121014
271123014
271127014
271130014
271213014
271215014
271217014
271220014
271222014
271228014
280102014
280116014
280118014
280119014
280121014
280124014
280126014
280129014
280201014
280204014
280210014
280212014
280223014
280226014
280305014
280307014
280310014
280312014
280314014
280316014
280321014
280324014
280402014
280406014
280408014
280411014
280416014
271103015
271106015
271114015
271117015
271121015
271124015
271127015
271201015
271212015
271215015
271219015
271222015
271229015
280104015
280109015
280116015
280119015
280122015
280124015
280127015
280202015
280209015
280211015
280213015
280220015
280223015
280226015
280301015
280305015
280307015
280309015
280312015
280315015
280318015
280322015
280328015
280401015
280404015
280408015
280412015
280414015
271101025
271107025
271109025
271111025
271123025
271125025
271128025
271130025
271202025
271205025
271207025
271219025
271221025
271227025
271229025
271231025
280111025
280114025
280123025
280125025
280127025
280129025
280131025
280202025
280204025
280213025
280219025
280222025
280224025
280227025
280229025
280314025
280319025
280324025
280326025
280328025
280330025
280402025
280404025
280406025
280413025
271031019
271102019
271110019
271113019
271118019
271123019
271124019
271207019
271210019
271215019
271221019
271226019
271229019
280102019
280104019
280115019
280119019
280121019
280127019
280130019
280204019
280206019
280208019
280211019
280213019
280222019
280224019
280301019
280304019
280308019
280310019
280312019
280315019
280317019
280319019
280321019
280325019
280401019
280409019
280411019
280416019
281030005
281105005
281107005
281111005
281113005
281115005
281122005
281126005
281128005
281203005
281205005
281209005
281212005
281223005
281225005
281228005
290102005
290107005
290109005
290116005
290127005
290130005
290203005
290208005
290211005
290222005
290224005
290304005
290307005
290315005
290317005
290319005
290321005
290325005
290327005
290329005
290331005
290405005
290408005
290412005
290415005
281029010
281101010
281104010
281115010
281119010
281126010
281129010
281203010
281205010
281209010
281216010
281219010
281227010
281229010
281231010
290110010
290113010
290117010
290119010
290121010
290128010
290131010
290203010
290207010
290211010
290217010
290220010
290222010
290224010
290226010
290303010
290306010
290308010
290311010
290314010
290318010
290320010
290328010
290405010
290407010
290413010
281101011
281105011
281108011
281110011
281114011
281118011
281121011
281128011
281202011
281207011
281217011
281219011
281223011
281228011
281230011
290103011
290114011
290116011
290123011
290125011
290128011
290130011
290131011
290203011
290206011
290210011
290217011
290222011
290225011
290301011
290310011
290318011
290320011
290325011
290329011
290331011
290403011
290408011
290411011
290413011
290415011
281029012
281031012
281103012
281107012
281109012
281112012
281115012
281117012
281124012
281126012
281129012
281208012
281213012
281222012
281228012
281231012
290104012
290111012
290114012
290117012
290119012
290121012
290123012
290126012
290128012
290211012
290218012
290223012
290225012
290228012
290302012
290304012
290307012
290310012
290315012
290318012
290401012
290407012
290410012
290411012
290415012
281031029
281103029
281112029
281114029
281118029
281122029
281124029
281129029
281205029
281208029
281212029
281214029
281216029
281219029
281222029
281226029
281230029
290102029
290104029
290106029
290113029
290116029
290119029
290124029
290127029
290131029
290204029
290206029
290207029
290209029
290220029
290228029
290307029
290316029
290318029
290321029
290401029
290403029
290407029
290410029
290415029
281029018
281102018
281105018
281109018
281114018
281116018
281122018
281125018
281129018
281202018
281207018
281219018
281226018
281228018
290102018
290104018
290114018
290117018
290119018
290121018
290123018
290126018
290128018
290202018
290204018
290206018
290217018
290220018
290223018
290225018
290227018
290304018
290307018
290318018
290320018
290323018
290325018
290327018
290404018
290408018
290415018
281029025
281102025
281105025
281109025
281112025
281117025
281119025
281121025
281125025
281128025
281208025
281210025
281216025
281219025
281221025
281229025
281231025
290102025
290106025
290109025
290114025
290116025
290118025
290126025
290128025
290204025
290206025
290208025
290217025
290224025
290302025
290304025
290308025
290316025
290318025
290320025
290324025
290403025
290405025
290407025
290410025
281029020
281031020
281103020
281111020
281115020
281121020
281123020
281126020
281130020
281203020
281206020
281210020
281213020
281217020
281220020
290106020
290109020
290114020
290116020
290119020
290124020
290130020
290131020
290203020
290205020
290207020
290209020
290211020
290218020
290228020
290302020
290311020
290313020
290315020
290325020
290327020
290331020
290402020
290404020
290410020
290414020
281031028
281105028
281112028
281116028
281121028
281123028
281126028
281128028
281207028
281210028
281214028
281215028
281217028
281231028
290102028
290104028
290109028
290111028
290114028
290118028
290125028
290130028
290201028
290204028
290211028
290218028
290222028
290224028
290306028
290308028
290313028
290315028
290320028
290322028
290325028
290327028
290329028
290405028
290407028
290410028
290412028
